7208031212
199003172727
194304066260
195706274988
196501169059
195104117139
196609038929
197408232788
195603011309
194902184333
196809279458
194510107105
196401221881
193709196085
194411235506
194211057745
197602216184
198103148705
194906213469
196807243692
196608106136
195001049437
194311054820
194703096690
199309021539
197404052535
194409092128
197408191966
194101249568
195610125607
194102148211
199404273137
198208017766
198410026625
195202079727
197804083912
193801207078
196505126794
197607178730
199205213817
193806234934
198301012625
199606271012
195205161187
195403244924
196503201703
194111206562
193706224431
196506049251
197906229297
197111255133
195003195645
197303071148
198411094034
194503228245
194411073239
195609133461
195305028498
196505142170
199708244354
196204238022
194808015566
198208204226
198003104759
197802067853
199806135741
195602274486
198508106046
197601079672
194201234637
198302019983
193407029417
197609072525
199711253004
199110132858
195208083987
195910245150
199007083417
196704223129
194601188381
199210245038
199001018255
197003048489
199311248278
195609013008
193810059622
193502102678
196003192024
199406274229
199808191950
196604075748
198005059258
194811062692
196504042601
197909073871
199101232300
199610145387
196608239012
199706215896
198306279347
194607149420
199103265368
198906193750
